25810, 25813, 25816, 25819, 25822, 25825, 25828, 25831, 25834, 25837,
25840, 25843, 25846, 25849, 25852, 25855, 25858, 25861, 25864, 25867,
25870, 25873, 25876, 25879, 25882, 25885, 25888, 25891, 25894, 25897,
25900, 25903, 25906, 25909, 25912, 25915, 25918, 25921, 25924, 25927,
25930, 25933, 25936, 25939, 25942, 25945, 25948, 25951, 25954, 25957,
25960, 25963, 25966, 25969, 25972, 25975, 25978, 25981, 25984, 25987,
25990, 25993, 25996, 25999, 26002, 26005, 26008, 26011, 26014, 26017,
26020, 26023, 26026, 26029, 26032, 26035, 26038, 26041, 26044, 26047,
26050, 26053, 26056, 26059, 26062, 26065, 26068, 26071, 26074, 26077,
26080, 26083, 26086, 26089, 26092, 26095, 26098, 26101, 26104, 26107,
26110, 26113, 26116, 26119, 26122, 26125, 26128, 26131, 26134, 26137,
26140, 26143, 26146, 26149, 26152, 26155, 26158, 26161, 26164, 26167,
26170, 26173, 26176, 26179, 26182, 26185, 26188, 26191, 26194, 26197,
26200, 26203, 26206, 26209, 26212, 26215, 26218, 26221, 26224, 26227
